   1.0000000e+00
   1.0000000e+00
   1.0000000e+00
   1.0000000e+00
   3.0000000e+00
   3.0000000e+00
   3.0000000e+00
   3.0000000e+00
   4.0000000e+00
   4.0000000e+00
   4.0000000e+00
   1.3000000e+01
   1.5000000e+01
   1.5000000e+01
   2.4000000e+01
   2.4000000e+01
   2.5000000e+01
   3.0000000e+01
   3.3000000e+01
   3.3000000e+01
   3.4000000e+01
   3.8000000e+01
   4.0000000e+01
   4.3000000e+01
   4.9000000e+01
   5.4000000e+01
   6.1000000e+01
   7.0000000e+01
   7.5000000e+01
   7.9000000e+01
   8.3000000e+01
   9.0000000e+01
   9.1000000e+01
   1.0300000e+02
   1.1000000e+02
   1.1700000e+02
   1.3400000e+02
   1.5500000e+02
   1.6200000e+02
   1.7400000e+02
   1.8800000e+02
   1.9600000e+02
   2.1100000e+02
   2.1800000e+02
   2.3400000e+02
   2.4200000e+02
   2.5700000e+02
   2.7200000e+02
   3.0000000e+02
   3.0600000e+02
   3.4800000e+02
   3.7000000e+02
   3.8800000e+02
   3.9400000e+02
   4.0200000e+02
   4.0800000e+02
   4.1600000e+02
   4.2500000e+02
   4.4400000e+02
   4.5600000e+02
   4.8600000e+02
   4.9700000e+02
   5.1100000e+02
   5.1700000e+02
   5.3900000e+02
   5.6600000e+02
   5.8200000e+02
   5.8900000e+02
   5.9300000e+02
   6.0400000e+02
   6.1000000e+02
   6.1500000e+02
   6.2300000e+02
   6.2600000e+02
   6.3500000e+02
   6.3800000e+02
   6.4200000e+02
   6.4700000e+02
   6.6700000e+02
   6.7100000e+02
   6.8300000e+02
   6.9500000e+02
   7.0100000e+02
   7.0700000e+02
   7.1300000e+02
   7.2100000e+02
   7.2300000e+02
   7.2800000e+02
   7.3000000e+02
   7.3100000e+02
   7.3200000e+02
   7.3500000e+02
   7.3800000e+02
   7.4600000e+02
   7.5700000e+02
   7.8300000e+02
   7.9400000e+02
   7.9600000e+02
   8.0000000e+02
   8.0100000e+02
   8.0500000e+02
   8.0800000e+02
   8.0900000e+02
   8.1200000e+02
   8.1800000e+02
   8.2700000e+02
   8.3100000e+02
   8.4300000e+02
   8.5100000e+02
   8.6400000e+02
   8.7900000e+02
   8.7900000e+02
   8.8800000e+02
   8.9300000e+02
   8.9600000e+02
   8.9800000e+02
   9.0600000e+02
   9.0800000e+02
   9.1100000e+02
   9.1400000e+02
   9.1700000e+02
   9.1900000e+02
   9.2100000e+02
   9.2400000e+02
   9.2600000e+02
   9.2800000e+02
   9.3100000e+02
   9.3900000e+02
   9.4300000e+02
   9.4800000e+02
   9.5100000e+02
   9.5300000e+02
   9.5800000e+02
   9.6300000e+02
   9.6800000e+02
   9.7300000e+02
   9.8100000e+02
   9.8600000e+02
   9.9500000e+02
   9.9900000e+02
   1.0040000e+03
   1.0060000e+03
   1.0100000e+03
   1.0180000e+03
   1.0280000e+03
   1.0390000e+03
   1.0490000e+03
   1.0730000e+03
   1.0850000e+03
   1.1040000e+03
   1.1170000e+03
   1.1310000e+03
   1.1370000e+03
   1.1450000e+03
   1.1550000e+03
   1.1600000e+03
   1.1680000e+03
   1.1710000e+03
   1.1770000e+03
   1.1790000e+03
   1.1820000e+03
   1.1970000e+03
   1.2060000e+03
   1.2130000e+03
   1.2160000e+03
   1.2250000e+03
   1.2500000e+03
   1.2640000e+03
   1.2780000e+03
   1.2830000e+03
   1.3060000e+03
   1.3210000e+03
   1.3360000e+03
   1.3410000e+03
   1.3510000e+03
   1.3610000e+03
   1.3700000e+03
   1.3850000e+03
   1.3940000e+03
   1.4110000e+03
   1.4210000e+03
   1.4290000e+03
   1.4360000e+03
   1.4470000e+03
   1.4550000e+03
   1.4620000e+03
   1.4690000e+03
   1.4870000e+03
   1.5100000e+03
   1.5480000e+03
   1.5680000e+03
   1.5960000e+03
   1.6210000e+03
   1.6500000e+03
   1.6840000e+03
   1.7290000e+03
   1.7730000e+03
   1.8300000e+03
   1.9170000e+03
   2.0750000e+03
   2.2270000e+03
   2.3920000e+03
   2.5620000e+03
   2.7580000e+03
   2.9370000e+03
   3.1190000e+03
   3.3060000e+03
   3.5020000e+03
   3.6950000e+03
   3.9130000e+03
   4.1400000e+03
   4.3990000e+03
   4.6640000e+03
   4.9600000e+03
   5.2540000e+03
   5.5520000e+03
   5.8660000e+03
   6.1920000e+03
   6.6400000e+03
   7.0930000e+03
   7.5640000e+03
   8.1180000e+03
   8.6960000e+03
   9.2450000e+03
   9.7530000e+03
   1.0225000e+04
   1.0752000e+04
   1.1271000e+04
   1.1794000e+04
   1.2272000e+04
   1.2841000e+04
   1.3521000e+04
   1.4440000e+04
   1.5327000e+04
   1.6285000e+04
   1.7477000e+04
   1.8663000e+04
   1.9857000e+04
   2.1208000e+04
   2.2803000e+04
   2.4562000e+04
   2.6503000e+04
   2.8431000e+04
   3.0303000e+04
   3.2127000e+04
   3.3858000e+04
   3.5567000e+04
   3.7263000e+04
   3.8936000e+04
   4.0727000e+04
   4.2579000e+04
   4.4522000e+04
   4.6817000e+04
   4.9218000e+04
   5.1993000e+04
   5.4852000e+04
   5.7753000e+04
   6.0680000e+04
   6.3650000e+04
   6.6561000e+04
   6.9681000e+04
   7.3154000e+04
   7.6658000e+04
   7.9678000e+04
   8.2835000e+04
   8.5952000e+04
   8.9395000e+04
   9.3092000e+04
   9.6860000e+04
   1.0068400e+05
   1.0473200e+05
   1.0869000e+05
   1.1181800e+05
   1.1488900e+05
   1.1869000e+05
   1.2347000e+05
   1.2794200e+05
   1.3236800e+05
   1.3558400e+05
   1.3934300e+05
   1.4337600e+05
   1.4763600e+05
   1.5270400e+05
   1.5815400e+05
   1.6247500e+05
   1.6497600e+05
   1.6964900e+05
   1.7438300e+05
   1.7895300e+05
   1.8309900e+05
   1.8700600e+05
   1.8972600e+05
   1.9106300e+05
   1.9490000e+05
   1.9838700e+05
   2.0136800e+05
   2.0400300e+05
   2.0690700e+05
   2.0863800e+05
   2.0946200e+05
   2.1252600e+05
   2.1487100e+05
   2.1684300e+05
   2.1872400e+05
   2.2050800e+05
   2.2160500e+05
   2.2214300e+05
   2.2415500e+05
   2.2589300e+05
   2.2742000e+05
   2.2841000e+05
   2.2875200e+05
   2.2916900e+05
   2.2976300e+05
   2.3207900e+05
   2.3387900e+05
   2.3549100e+05
   2.3602800e+05
   2.3808600e+05
   2.3922900e+05
   2.3978000e+05
   2.4163700e+05
   2.4325500e+05
   2.4461200e+05
   2.4578900e+05
   2.4702500e+05
   2.4780500e+05
   2.4791500e+05
   2.4946500e+05
   2.4993400e+05
   2.5107100e+05
   2.5197400e+05
   2.5297200e+05
   2.5351800e+05
   2.5381600e+05
   2.5482200e+05
   2.5556400e+05
   2.5628700e+05
   2.5695600e+05
   2.5763200e+05
   2.5811100e+05
   2.5835100e+05
   2.5920900e+05
   2.5989700e+05
   2.6048000e+05
   2.6101800e+05
   2.6162000e+05
   2.6202400e+05
   2.6222800e+05
   2.6305700e+05
   2.6360100e+05
   2.6415800e+05
   2.6466500e+05
   2.6520000e+05
   2.6555700e+05
   2.6572200e+05
   2.6646200e+05
   2.6694800e+05
   2.6731300e+05
   2.6770100e+05
   2.6809700e+05
   2.6835500e+05
   2.6850200e+05
   2.6899500e+05
   2.6943800e+05
   2.6980000e+05
   2.7013700e+05
   2.7051000e+05
   2.7075800e+05
   2.7091800e+05
   2.7137900e+05
   2.7173900e+05
   2.7187200e+05
   2.7226200e+05
   2.7261700e+05
   2.7285100e+05
   2.7299800e+05
   2.7313700e+05
   2.7365000e+05
   2.7404500e+05
   2.7437700e+05
   2.7472100e+05
   2.7498900e+05
   2.7514800e+05
   2.7568500e+05
   2.7606700e+05
   2.7643600e+05
   2.7679600e+05
   2.7721800e+05
   2.7748000e+05
   2.7765000e+05
   2.7817800e+05
   2.7862800e+05
   2.7902700e+05
   2.7944600e+05
   2.7993600e+05
   2.8030100e+05
   2.8047200e+05
   2.8114500e+05
   2.8176100e+05
   2.8226000e+05
   2.8278900e+05
   2.8336900e+05
   2.8383300e+05
   2.8406100e+05
   2.8495800e+05
   2.8564500e+05
   2.8641600e+05
   2.8719300e+05
   2.8769900e+05
   2.8840600e+05
   2.8876500e+05
   2.9013900e+05
   2.9122400e+05
   2.9225400e+05
   2.9333100e+05
   2.9455000e+05
   2.9536800e+05
   2.9594600e+05
   2.9773800e+05
   2.9904800e+05
   3.0027400e+05
